源文件主键个数 ： 1
开始遍历字段：-----------> StockTickAB
字段名： WindCode             类型： char      
000004.SZ,
字段名： Code                 类型： char      
000004,
字段名： Date                 类型： uint32    
m 84828 n 1
20150701,
字段名： Time                 类型： uint32    
m 84828 n 1
91513150,
字段名： Price                类型： double    
m 84828 n 1
0.0,
字段名： Volume               类型： int64     
字段名： Turover              类型： int64     
字段名： MatchItem            类型： uint32    
m 84828 n 1
0,
字段名： Interest             类型： uint32    
m 84828 n 1
0,
字段名： TradeFlag            类型： char      
,
字段名： BSFlag               类型： char      
,
字段名： AccVolume            类型： int64     
字段名： AccTurover           类型： int64     
字段名： AskPrice10           类型： double    
m 84828 n 10
38.48,0.0,0.0,0.0,0.0,0.0,0.0,0.0,0.0,0.0,38.48,0.0,0.0,0.0,0.0,0.0,0.0,0.0,0.0,0.0,38.48,0.0,0.0,0.0,0.0,0.0,0.0,0.0,0.0,0.0,36.0,0.0,0.0,0.0,0.0,0.0,0.0,0.0,0.0,0.0,36.0,0.0,0.0,0.0,0.0,0.0,0.0,0.0,0.0,0.0,36.0,0.0,0.0,0.0,0.0,0.0,0.0,0.0,0.0,0.0,36.0,0.0,0.0,0.0,0.0,0.0,0.0,0.0,0.0,0.0,36.0,0.0,0.0,0.0,0.0,0.0,0.0,0.0,0.0,0.0,36.0,0.0,0.0,0.0,0.0,0.0,0.0,0.0,0.0,0.0,36.0,0.0,0.0,0.0,0.0,0.0,0.0,0.0,0.0,0.0,
字段名： AskVolume10          类型： uint32    
m 84828 n 10
2000,0,0,0,0,0,0,0,0,0,2100,0,0,0,0,0,0,0,0,0,3400,300,0,0,0,0,0,0,0,0,5500,900,0,0,0,0,0,0,0,0,6400,0,0,0,0,0,0,0,0,0,7200,0,0,0,0,0,0,0,0,0,7200,0,0,0,0,0,0,0,0,0,7200,0,0,0,0,0,0,0,0,0,7200,0,0,0,0,0,0,0,0,0,7200,0,0,0,0,0,0,0,0,0,
字段名： BidPrice10           类型： double    
m 84828 n 10
38.48,0.0,0.0,0.0,0.0,0.0,0.0,0.0,0.0,0.0,38.48,0.0,0.0,0.0,0.0,0.0,0.0,0.0,0.0,0.0,38.48,0.0,0.0,0.0,0.0,0.0,0.0,0.0,0.0,0.0,36.0,0.0,0.0,0.0,0.0,0.0,0.0,0.0,0.0,0.0,36.0,0.0,0.0,0.0,0.0,0.0,0.0,0.0,0.0,0.0,36.0,0.0,0.0,0.0,0.0,0.0,0.0,0.0,0.0,0.0,36.0,0.0,0.0,0.0,0.0,0.0,0.0,0.0,0.0,0.0,36.0,0.0,0.0,0.0,0.0,0.0,0.0,0.0,0.0,0.0,36.0,0.0,0.0,0.0,0.0,0.0,0.0,0.0,0.0,0.0,36.0,0.0,0.0,0.0,0.0,0.0,0.0,0.0,0.0,0.0,
字段名： BidVolume10          类型： uint32    
m 84828 n 10
2000,1400,0,0,0,0,0,0,0,0,2100,1300,0,0,0,0,0,0,0,0,3400,0,0,0,0,0,0,0,0,0,5500,0,0,0,0,0,0,0,0,0,6400,9100,0,0,0,0,0,0,0,0,7200,8300,0,0,0,0,0,0,0,0,7200,8400,0,0,0,0,0,0,0,0,7200,9100,0,0,0,0,0,0,0,0,7200,9300,0,0,0,0,0,0,0,0,7200,10800,0,0,0,0,0,0,0,0,
字段名： AskAvePrice          类型： double    
m 84828 n 1
0.0,
字段名： BidAvePrice          类型： double    
m 84828 n 1
0.0,
字段名： TotalAskVolume       类型： int64     
字段名： TotalBidVolume       类型： int64     
字段名： Open                 类型： double    
m 84828 n 1
0.0,
字段名： High                 类型： double    
m 84828 n 1
0.0,
字段名： Low                  类型： double    
m 84828 n 1
0.0,
字段名： PreClose             类型： double    
m 84828 n 1
38.5,
结束遍历字段：-----------> StockTickAB
